              precision    recall  f1-score   support

           0       0.95      0.95      0.95       361
           1       0.95      0.94      0.94       989
           2       0.99      0.99      0.99       941
           3       0.92      0.86      0.89      1013
           4       0.93      0.89      0.91      1019
           5       0.79      0.80      0.79       829
           6       0.75      0.86      0.80       746

    accuracy                           0.90      5898
   macro avg       0.90      0.90      0.90      5898
weighted avg       0.90      0.90      0.90      5898